10
100
995 751
511 575
904 596
257 251
721 840
35 421
4 396
319 221
269 380
243 538
874 286
381 597
86 817
505 840
880 82
576 205
983 929
382 900
388 794
72 532
228 647
905 339
97 563
280 641
932 874
303 38
585 933
97 363
30 985
945 294
225 847
972 255
518 814
539 935
26 475
135 969
375 475
808 385
819 567
412 744
247 590
161 594
618 65
479 878
912 112
349 596
482 650
286 566
339 401
359 605
4 60
57 548
828 710
877 313
840 188
257 144
907 323
221 138
138 487
482 538
823 817
920 912
663 576
282 47
818 368
481 337
655 944
993 266
33 221
300 793
890 92
641 915
339 173
169 754
197 347
654 771
711 848
88 261
668 949
197 445
904 838
763 519
151 164
349 839
962 421
977 781
823 246
362 350
59 552
647 719
655 688
631 269
421 177
615 192
37 868
801 998
160 455
130 99
336 404
457 150
