10
100
546 611
787 263
200 217
739 169
664 298
902 505
508 675
83 729
724 375
186 956
719 682
317 380
831 760
13 289
955 694
989 527
70 460
147 373
44 926
331 621
477 446
438 941
434 832
463 921
612 506
942 323
61 93
518 993
438 380
145 368
63 568
379 138
53 845
283 634
741 261
278 288
247 983
902 805
94 180
824 612
355 550
276 699
761 132
21 909
372 310
519 166
59 986
656 538
36 929
447 514
918 722
369 340
818 688
947 870
451 946
946 118
740 399
742 465
529 715
701 78
853 379
923 174
2 585
39 635
512 244
769 778
660 920
456 238
82 965
208 611
277 175
288 899
547 921
178 856
942 758
883 263
381 414
498 189
593 409
342 769
811 355
111 573
11 532
599 50
443 874
786 456
322 502
712 303
900 760
611 517
278 648
851 828
568 706
247 182
548 557
967 488
954 384
381 432
870 809
937 909
