10
100
790 688
448 28
165 894
598 448
366 416
877 413
307 750
742 714
779 67
102 391
123 635
260 207
930 447
804 299
805 215
737 916
497 346
327 684
240 733
245 945
514 486
289 687
460 323
822 41
454 452
249 428
351 298
177 744
739 482
365 588
708 66
639 245
14 655
590 482
52 753
241 47
841 155
855 604
873 147
804 482
78 778
286 593
510 744
150 233
129 239
801 267
464 810
110 866
409 355
122 76
767 6
255 15
94 221
235 26
837 304
965 97
444 312
538 772
205 529
437 293
799 418
750 132
749 602
905 977
173 249
231 988
988 368
378 764
558 982
817 747
956 488
260 275
982 283
465 959
360 857
892 296
474 398
926 179
134 438
492 187
246 390
777 192
278 507
470 651
485 458
869 972
953 893
77 411
896 423
575 896
147 709
159 679
669 56
422 955
433 267
20 558
921 149
787 666
531 452
599 239
