10
100
893 491
851 276
908 717
733 997
960 959
200 662
964 777
590 475
294 333
468 497
776 655
619 573
567 68
612 792
761 807
867 179
164 914
342 957
793 287
247 894
407 354
429 895
59 122
353 553
885 765
860 838
215 909
198 903
958 819
297 811
803 406
292 977
43 688
635 27
578 982
308 447
775 657
357 419
657 406
152 940
183 238
280 546
788 698
710 148
313 232
388 147
525 147
106 134
848 1
7 170
605 862
55 427
141 704
579 356
840 400
159 591
647 348
732 297
765 531
990 517
92 422
887 571
691 927
386 613
957 353
476 526
333 796
733 527
413 475
589 208
854 484
73 23
906 803
748 464
677 579
722 353
258 763
280 336
162 336
87 939
583 516
808 52
255 267
473 959
387 582
621 586
39 575
362 672
836 519
212 49
377 967
311 370
601 129
514 948
277 274
390 388
194 806
189 718
69 832
896 518
