10
100
312 201
500 26
743 25
419 356
406 842
923 634
849 532
746 146
60 878
980 132
963 848
67 607
465 932
608 345
849 190
456 975
349 987
206 906
225 829
257 259
490 836
289 125
256 697
268 192
461 988
135 302
105 821
163 606
316 287
398 335
126 528
331 198
199 158
631 696
174 652
993 291
848 745
685 14
624 65
260 65
637 181
132 456
340 358
272 1
874 663
220 812
494 336
855 258
74 471
612 118
100 985
7 57
317 998
721 74
149 34
784 66
224 983
759 476
257 720
13 331
90 473
812 623
333 674
880 767
794 418
753 162
822 544
431 617
540 421
370 788
890 109
475 52
195 85
307 136
476 206
662 482
662 639
162 321
71 553
578 361
692 691
26 895
231 918
486 30
329 203
507 416
549 201
546 14
593 211
4 352
281 205
47 544
522 455
700 928
360 162
577 388
924 87
722 954
741 807
679 590
