10
100
188 818
986 626
704 37
166 915
684 942
634 639
359 708
178 723
818 310
883 287
214 191
325 838
170 20
34 384
96 805
907 495
175 317
664 692
451 688
180 133
376 73
220 702
494 349
460 992
646 183
834 66
291 921
542 739
748 883
390 778
918 875
329 594
206 730
161 557
451 807
915 35
738 18
563 719
907 239
264 390
673 196
622 669
919 881
883 87
742 644
33 72
915 229
714 16
773 237
370 375
740 726
814 713
453 638
450 679
986 318
280 474
886 825
869 516
230 84
293 829
635 689
671 662
420 255
363 102
105 73
207 631
234 145
257 300
277 681
231 1
39 950
410 351
210 562
145 251
604 356
162 217
768 310
675 442
78 723
719 471
941 627
380 193
225 364
776 487
704 166
564 483
382 940
409 266
768 122
463 317
349 599
733 768
449 848
114 311
483 758
834 336
222 630
812 505
925 844
960 631
