10
100
227 377
560 642
431 834
134 601
737 313
671 949
26 437
533 785
717 28
88 262
102 485
10 890
609 285
379 359
332 626
993 250
378 691
31 628
485 992
609 285
600 382
826 620
726 971
226 19
249 711
431 255
451 83
734 230
370 660
478 809
452 519
330 537
224 457
761 973
284 422
844 305
784 815
731 787
975 585
652 823
885 640
369 675
609 523
276 524
408 496
90 871
563 200
898 220
79 605
465 300
719 520
259 43
280 48
487 392
233 293
687 802
492 642
155 37
405 544
249 586
367 927
907 164
597 159
94 279
780 661
834 27
378 42
378 846
986 341
466 31
352 777
224 30
67 17
857 746
780 31
801 811
450 828
117 757
71 594
905 166
914 453
785 886
961 767
526 93
963 955
824 836
840 298
826 897
222 529
919 421
593 484
22 866
389 171
980 654
443 250
919 877
790 7
555 579
1 421
339 838
