10
100
911 897
55 120
988 202
383 18
76 395
192 464
159 922
761 702
789 817
917 469
273 940
657 152
731 831
760 643
348 825
135 225
314 209
914 73
243 140
980 139
655 112
462 700
686 489
95 900
192 101
745 56
699 589
284 889
551 810
164 441
198 754
622 53
119 990
872 299
345 385
821 49
701 7
216 975
28 295
528 435
503 135
514 311
870 226
693 985
424 305
942 383
385 787
651 388
889 922
133 100
49 172
214 712
785 714
850 918
669 145
723 624
158 250
932 887
188 648
15 396
65 878
513 322
849 466
83 940
758 458
804 767
72 970
922 571
657 662
32 899
662 578
713 7
585 260
819 530
211 715
542 173
792 766
883 263
763 3
202 879
280 98
403 24
240 430
998 383
655 536
183 900
473 535
505 715
155 440
691 214
191 813
791 833
391 165
623 321
570 705
91 321
756 710
549 51
367 604
14 680
