10
100
48 584
871 489
917 511
486 767
486 930
782 828
440 436
448 667
9 806
584 940
152 761
84 650
808 594
621 306
568 703
165 565
554 182
701 998
286 988
729 175
722 418
755 182
112 52
193 53
84 484
780 855
176 195
382 86
390 311
991 866
498 568
867 620
106 221
547 736
242 508
463 921
840 270
629 950
945 488
321 562
502 102
106 546
391 474
804 199
514 314
942 851
615 968
906 584
515 387
549 20
239 642
619 137
197 585
64 105
871 484
301 742
531 400
605 279
71 713
130 431
917 510
225 952
515 73
935 869
466 570
278 405
712 131
697 778
604 166
600 121
438 635
863 413
600 646
577 180
429 485
493 211
997 30
602 285
42 503
525 62
802 672
131 919
513 738
997 274
114 83
144 740
689 153
221 26
833 140
220 316
333 785
343 167
645 568
54 15
519 791
711 937
647 911
904 926
85 180
843 355
