10
100
796 326
850 493
577 471
429 296
84 84
615 497
174 514
829 518
957 881
948 94
895 119
657 700
163 426
173 263
932 140
491 909
506 728
224 53
278 636
853 228
266 591
972 824
212 761
965 640
917 962
707 500
393 986
968 649
269 696
705 892
912 838
399 576
912 530
284 627
739 759
287 11
830 833
11 373
252 872
218 830
743 668
769 338
404 95
345 986
510 392
162 171
786 275
387 129
450 85
570 387
73 590
516 119
970 751
210 406
53 75
729 42
574 82
172 76
379 80
704 435
395 741
84 519
774 589
659 155
300 296
935 800
790 619
587 846
955 773
940 317
936 94
214 978
624 73
607 294
635 483
610 192
534 700
155 459
663 658
722 282
730 108
997 703
813 628
366 107
965 22
734 815
491 973
140 90
367 805
303 939
455 755
523 934
860 888
579 172
113 988
764 42
896 312
26 124
763 428
514 514
