15
250
53 395
448 278
480 438
90 206
644 657
672 521
861 895
480 72
443 191
122 880
903 273
523 834
313 460
108 21
820 598
631 529
467 81
857 601
445 182
75 540
604 290
635 831
116 761
255 363
822 859
609 102
404 17
94 961
391 828
961 733
684 723
373 683
541 262
23 135
115 716
305 888
193 117
763 591
885 765
21 905
327 718
575 762
596 48
897 984
860 136
974 825
687 818
235 522
782 188
838 486
750 537
921 463
783 623
718 131
523 438
301 798
122 973
576 80
722 394
383 795
460 981
159 116
409 777
430 355
292 361
466 176
144 604
783 612
834 148
599 857
794 208
227 183
675 651
624 669
890 129
653 992
635 575
425 962
198 164
633 234
593 607
615 779
287 238
398 228
630 720
250 356
398 408
44 912
373 846
411 435
512 684
79 105
948 82
734 143
339 718
89 434
138 427
873 594
758 701
107 827
254 415
363 585
236 625
732 341
134 73
733 912
897 4
320 162
429 41
204 440
459 539
562 80
418 634
84 186
713 756
33 236
928 420
502 226
711 575
390 249
64 952
514 39
896 47
204 304
184 242
325 831
762 408
903 807
695 774
660 933
317 80
645 885
62 869
687 253
347 911
207 345
119 62
270 948
873 905
480 151
410 200
255 274
556 176
172 925
979 868
765 89
869 724
970 935
620 77
898 308
93 493
722 249
817 601
469 443
337 308
304 859
134 142
340 99
310 960
966 19
43 559
955 32
397 69
237 81
184 255
139 405
824 59
324 60
640 787
91 16
819 999
135 407
370 378
178 808
595 107
481 600
570 765
114 368
226 885
761 69
444 929
718 35
592 312
856 703
562 905
677 319
123 779
17 872
928 38
979 669
208 429
64 886
150 329
71 180
710 891
499 239
941 173
31 299
74 93
755 149
736 151
277 581
653 310
379 394
589 799
581 764
343 859
96 690
353 399
692 648
376 185
422 21
511 208
490 39
112 224
73 883
833 761
248 717
574 996
161 72
469 921
818 146
726 608
724 95
136 346
70 233
329 923
983 393
806 462
323 108
816 492
13 77
128 3
186 739
289 680
54 559
315 377
896 140
848 400
80 171
311 943
241 937
542 189
458 592
581 691
278 287
286 54
187 822
880 41
816 859
