15
250
938 0
107 410
899 137
113 943
804 634
749 287
6 571
798 986
767 679
854 299
578 611
879 913
568 654
897 91
757 363
172 672
169 691
397 763
913 792
151 717
833 356
639 485
185 81
787 586
481 370
847 266
834 85
990 411
107 76
778 598
116 929
129 11
483 583
220 183
41 127
228 563
951 864
595 31
538 48
741 715
969 655
305 525
319 19
832 358
921 773
16 7
821 634
709 442
901 222
741 243
367 115
646 693
962 664
855 281
639 973
304 313
465 754
134 122
51 686
391 456
749 597
374 707
466 747
396 47
233 486
467 970
694 992
984 895
53 369
797 407
898 43
616 799
943 607
707 964
19 469
144 611
956 608
961 805
49 648
378 248
454 153
12 233
468 369
790 156
964 111
689 398
960 359
465 74
855 514
940 832
587 82
976 772
825 290
589 130
948 596
691 343
630 237
937 474
948 675
700 234
100 310
337 697
966 404
223 822
932 271
668 888
183 737
258 646
8 256
749 484
288 420
100 88
981 564
889 867
153 913
831 203
592 715
327 52
174 887
783 647
682 994
143 523
259 719
170 527
598 204
710 913
921 75
199 609
151 356
382 351
657 568
473 492
661 384
424 836
701 996
683 216
406 919
771 266
11 71
68 57
294 499
595 461
379 126
146 524
433 168
173 19
326 179
656 176
870 242
967 756
615 150
961 942
851 874
610 170
427 758
796 921
493 690
865 938
970 560
480 822
599 715
121 569
141 7
191 69
735 278
65 784
256 281
60 853
630 392
529 728
559 640
342 307
526 771
76 894
730 414
941 763
235 771
263 815
258 959
626 349
525 662
737 85
915 18
224 465
90 363
363 191
490 568
551 531
229 283
520 940
518 675
605 359
212 51
155 553
33 720
645 525
411 871
965 621
518 173
674 198
131 688
485 324
810 243
769 772
439 487
368 929
676 220
364 533
811 951
425 185
646 789
188 993
925 558
167 878
235 5
780 975
590 947
27 130
721 244
554 635
688 385
232 319
767 860
151 619
422 795
708 421
445 963
427 924
544 701
867 740
48 734
28 481
974 585
697 197
196 527
901 284
826 351
934 788
938 664
785 587
249 283
736 608
538 893
591 291
96 994
863 945
831 70
916 8
784 356
530 17
