15
250
389 242
9 893
497 633
235 283
639 507
129 727
222 44
246 520
659 891
775 543
549 9
85 121
503 319
831 76
452 764
693 931
330 90
319 840
180 332
676 629
483 38
150 231
631 489
506 176
32 66
253 832
521 765
594 694
564 75
369 536
696 45
513 573
766 44
22 875
108 759
94 579
552 176
485 637
199 419
352 384
918 500
134 338
412 548
19 97
227 376
54 284
931 86
818 609
247 524
442 219
619 687
13 383
122 645
938 339
727 415
533 356
385 743
118 771
466 858
691 284
368 737
268 754
794 642
868 682
999 830
535 778
231 287
95 46
285 568
433 975
876 617
708 744
607 981
57 775
837 177
374 859
169 756
61 592
776 830
874 509
171 654
409 230
572 76
598 883
133 599
958 996
731 347
714 567
794 811
636 288
835 464
913 115
200 59
279 321
585 677
648 173
102 776
437 178
956 40
38 43
837 564
373 198
744 188
106 198
783 214
889 83
751 840
112 664
251 172
564 953
849 179
220 263
846 79
285 754
357 18
84 50
506 180
18 433
133 573
249 0
74 928
93 61
718 455
526 638
188 409
786 733
709 77
887 519
69 457
654 538
10 420
179 531
104 764
409 162
424 508
442 26
519 942
268 185
930 841
656 704
335 799
644 647
823 542
247 985
984 905
172 439
63 210
56 859
203 582
270 3
548 972
58 608
945 476
403 363
713 249
121 483
298 626
453 965
198 586
8 952
587 226
996 667
273 824
198 30
38 39
61 314
621 906
493 174
414 558
52 79
7 731
54 650
111 54
947 169
899 494
181 593
810 449
864 436
219 395
154 399
46 499
787 466
344 721
886 255
184 687
308 617
638 196
474 811
619 23
825 289
948 102
547 199
40 146
381 565
497 567
136 955
759 757
2 207
960 334
361 200
668 965
384 37
556 95
530 983
290 225
98 440
324 565
13 647
794 762
880 586
911 854
707 318
125 635
751 669
417 596
387 708
205 379
618 392
68 720
313 805
664 55
244 355
103 327
136 469
404 547
563 463
346 470
240 51
652 976
350 160
863 79
840 440
713 188
919 285
578 908
4 471
720 479
18 644
994 464
535 260
730 154
940 976
341 931
386 407
751 767
156 900
343 316
355 24
506 245
996 839
