15
250
187 151
767 163
17 109
299 831
525 195
197 778
286 786
791 251
355 81
360 25
747 379
964 381
8 482
177 143
186 627
940 603
80 408
690 376
146 755
707 253
338 470
704 16
616 452
725 853
516 875
690 247
943 833
131 30
722 144
663 485
104 136
382 750
976 263
908 53
266 295
210 542
810 396
315 883
170 760
348 854
114 525
21 463
603 767
116 323
842 523
241 106
664 72
515 307
877 1
841 550
644 3
414 557
746 777
955 528
496 666
368 636
713 100
646 231
901 343
139 426
403 456
760 451
677 24
295 38
813 377
670 560
454 165
945 112
325 234
52 715
374 870
861 418
67 891
296 393
303 335
916 838
433 98
515 444
196 893
767 500
819 636
647 119
986 383
785 66
367 523
473 999
192 319
568 68
190 814
784 650
918 577
771 315
897 382
572 265
577 361
101 64
764 165
743 15
189 94
248 408
429 870
791 49
225 859
187 46
389 994
649 141
214 410
892 446
861 47
887 85
264 281
182 949
130 232
699 11
899 455
212 196
594 986
513 412
14 941
131 676
12 354
232 703
35 886
443 537
35 609
873 797
196 289
278 481
51 178
870 936
39 388
344 252
282 320
628 613
627 0
148 259
816 450
641 252
160 161
781 386
47 905
149 924
106 405
314 223
2 406
125 233
519 530
391 706
457 62
483 864
723 377
939 213
92 199
143 247
626 695
396 652
107 866
232 895
918 664
692 228
284 297
891 267
685 36
423 892
964 736
91 992
172 252
290 656
716 717
158 765
605 468
317 483
589 817
38 74
148 696
145 402
628 30
901 554
590 712
899 501
798 880
527 395
856 830
207 7
12 591
675 762
269 948
772 139
688 817
802 800
0 792
62 158
534 513
974 282
757 689
679 378
212 525
476 146
516 297
20 86
425 209
914 649
862 2
478 696
945 6
705 23
573 979
21 829
30 519
75 926
168 794
750 933
456 496
909 492
316 570
382 650
822 983
358 359
995 876
21 695
90 813
190 400
656 422
460 842
329 796
183 987
521 233
78 548
360 399
631 843
723 460
890 837
495 222
499 312
913 332
686 274
977 753
821 706
277 46
949 945
274 514
199 932
349 416
746 129
783 334
365 156
655 445
938 581
793 898
543 279
