15
250
5 564
686 886
448 217
911 377
289 102
633 764
339 990
502 919
294 756
167 159
14 44
178 168
490 68
321 234
952 529
854 198
503 351
138 539
564 344
333 192
718 752
567 112
469 827
517 846
764 252
736 187
319 522
615 635
152 673
196 440
188 843
244 873
426 857
504 204
44 634
785 507
270 670
48 189
491 439
235 404
206 517
100 806
510 13
772 946
59 133
916 545
597 886
124 343
725 438
332 868
291 866
511 252
261 549
640 711
249 359
413 389
97 740
400 354
862 751
709 178
928 155
461 281
393 631
664 937
25 868
98 393
196 324
700 351
752 368
67 82
683 797
646 958
505 197
192 604
450 462
142 277
658 849
851 732
747 360
822 733
149 309
453 638
709 372
771 272
891 412
341 689
861 39
42 42
641 955
784 544
32 148
835 842
918 208
441 93
926 207
193 199
267 605
162 942
1 742
680 788
953 397
329 706
435 584
661 30
438 659
596 706
899 975
625 618
856 743
460 906
400 703
198 354
759 970
341 47
947 990
712 838
831 54
660 328
681 740
956 813
731 472
775 30
327 578
491 883
355 184
736 286
748 636
288 282
902 982
146 659
225 537
989 955
624 292
138 38
259 671
978 155
429 288
430 808
592 521
206 193
771 728
961 388
133 683
19 636
12 285
821 111
534 818
533 958
217 755
310 498
502 654
403 669
455 77
469 996
745 905
548 191
917 194
370 113
217 694
795 715
420 5
673 424
790 909
868 100
773 494
958 806
476 675
692 223
494 171
760 533
88 156
283 73
61 956
89 801
587 59
53 483
794 152
931 344
981 966
284 720
457 618
564 447
986 484
231 843
229 448
194 921
160 456
999 236
638 7
0 817
151 773
132 345
459 698
119 556
455 657
11 518
776 827
173 145
533 612
83 463
793 606
777 802
485 527
226 579
220 938
172 603
160 232
812 728
539 344
312 103
168 890
36 987
855 684
172 272
911 623
425 103
933 129
207 806
75 159
202 754
957 151
976 316
268 328
834 669
973 414
564 743
308 830
780 290
921 538
111 0
941 633
479 598
814 806
249 39
742 939
722 70
154 283
298 295
86 969
912 147
246 520
261 455
343 319
13 528
667 304
496 61
852 518
368 472
184 929
890 546
