15
250
444 477
221 192
488 979
828 800
934 912
762 623
225 874
520 649
952 370
879 331
278 951
25 732
797 550
205 38
963 912
281 351
901 320
57 703
985 911
837 669
816 662
393 810
359 920
615 754
326 521
895 530
513 6
190 754
861 762
76 713
13 779
239 607
698 535
189 612
953 150
479 978
422 325
674 249
14 124
39 527
626 837
41 153
831 953
430 187
355 561
127 0
946 862
18 471
974 149
735 834
317 506
695 548
52 184
216 726
209 427
485 245
167 746
778 820
315 836
958 706
691 462
977 512
189 446
220 89
797 151
40 398
657 729
935 125
503 468
255 485
686 505
349 745
641 277
270 639
0 395
264 715
689 773
655 220
268 999
435 883
100 848
759 356
40 29
732 603
850 612
476 892
599 930
459 758
269 737
320 957
875 898
193 906
897 931
188 594
577 573
610 744
613 484
45 895
720 499
323 905
873 596
955 685
521 810
723 720
678 491
68 354
824 716
390 460
152 579
189 491
769 891
133 916
334 288
449 196
891 256
726 722
928 809
63 612
624 476
634 3
944 318
47 348
914 783
353 3
49 329
941 406
839 991
215 859
523 15
108 431
966 526
995 277
164 574
380 319
111 6
802 43
823 126
165 205
799 310
687 341
9 506
537 389
769 476
278 626
934 686
813 100
853 1
100 867
904 504
919 128
948 434
888 597
384 176
457 306
49 740
845 813
306 385
460 269
681 101
45 387
349 408
254 214
563 431
398 745
8 386
764 435
425 46
209 59
478 7
488 614
13 94
709 71
586 955
515 553
36 679
360 364
811 97
195 281
958 107
142 892
585 376
262 237
27 820
903 451
373 64
149 454
143 528
789 671
212 171
258 510
566 719
107 256
333 286
489 267
632 961
807 351
382 431
986 674
542 10
616 112
114 134
644 46
954 358
431 601
933 550
180 104
18 87
922 723
549 826
596 462
590 260
708 174
939 394
299 302
653 242
438 118
152 77
763 993
515 653
873 810
32 382
229 347
814 836
713 129
897 330
119 39
355 730
363 629
196 974
694 492
245 737
127 705
947 482
315 420
990 510
30 76
905 106
546 154
748 330
732 926
333 505
734 753
165 805
910 256
734 782
974 449
890 643
469 766
599 144
827 931
