15
250
210 113
293 242
689 7
757 643
634 973
967 365
811 703
737 832
891 819
981 469
727 943
267 695
627 62
123 399
580 496
417 131
577 253
497 83
282 374
810 175
57 697
263 688
941 247
192 714
582 915
663 978
523 889
799 50
422 808
871 542
825 933
299 698
689 982
795 690
512 680
293 293
138 798
414 583
534 159
350 514
540 937
34 88
685 696
170 936
485 213
778 442
85 781
862 209
53 39
527 956
759 489
626 520
336 128
960 942
295 154
312 636
287 147
607 523
442 879
578 693
259 858
379 56
69 514
199 604
698 829
136 421
739 389
166 132
111 692
992 680
343 614
672 557
101 930
85 119
205 268
506 829
588 546
475 444
157 913
776 999
427 867
250 784
328 207
259 390
323 518
362 714
8 237
236 120
2 116
878 207
324 658
742 92
581 794
73 26
257 278
663 806
780 534
947 442
513 37
270 304
257 337
827 424
327 325
150 592
417 260
158 344
745 852
49 103
713 109
615 813
692 885
622 61
729 9
316 630
299 737
60 656
668 617
671 582
712 464
772 899
85 511
586 205
673 487
729 497
812 815
137 145
636 761
851 601
23 32
939 762
794 729
783 192
48 346
137 343
319 547
432 781
173 432
613 235
192 312
1 645
226 725
860 220
275 352
288 261
448 384
828 424
658 431
204 726
970 226
398 71
584 954
752 312
378 235
948 334
993 657
165 873
928 186
396 8
710 669
275 573
731 484
626 164
382 768
624 709
293 554
161 100
694 305
742 945
370 917
763 721
554 887
937 673
857 795
508 970
400 515
78 725
305 825
522 235
764 600
373 58
805 992
223 560
62 84
808 893
880 26
301 489
933 758
265 767
385 371
728 805
399 199
711 833
8 58
119 881
78 51
409 567
670 495
67 207
660 831
0 695
512 756
934 850
911 218
969 752
781 950
117 110
205 78
673 13
235 379
966 474
96 61
398 762
13 236
594 375
835 502
652 299
639 738
619 959
747 583
861 249
903 505
807 17
631 826
447 174
198 865
267 657
288 594
442 389
69 754
712 986
345 508
319 325
304 309
96 493
335 521
985 853
622 512
57 921
993 952
943 959
638 991
265 283
784 422
824 350
250 925
647 332
680 111
917 81
847 971
600 984
