15
250
564 593
436 70
737 334
195 681
518 669
262 838
111 702
92 608
450 875
457 958
377 220
366 487
516 828
339 829
308 939
433 560
115 505
284 416
438 708
846 317
956 294
655 470
680 591
815 749
954 106
878 108
749 494
810 942
177 531
616 516
760 807
191 898
206 997
325 966
865 864
605 100
152 9
672 817
368 99
280 922
274 575
644 399
376 993
309 162
414 198
16 790
349 913
164 710
10 88
251 388
326 143
949 602
118 177
743 648
907 367
539 434
548 959
521 237
135 273
459 759
735 640
191 152
62 620
717 441
52 144
632 23
768 677
362 475
283 858
79 185
508 198
507 539
293 620
936 442
941 378
912 641
143 958
233 325
408 860
766 877
654 425
930 554
667 605
911 874
297 673
941 896
936 685
806 368
90 836
429 265
495 95
935 595
204 522
699 786
911 23
923 703
565 965
76 505
101 764
657 189
461 256
707 47
586 288
182 84
357 538
829 126
192 965
478 75
873 722
111 618
749 167
63 826
158 649
346 753
359 646
957 694
124 797
735 189
86 818
696 612
788 826
851 758
197 567
631 427
866 88
460 377
17 689
640 196
323 962
145 862
695 182
172 867
824 978
485 43
369 824
304 932
161 56
835 252
554 450
118 976
499 410
115 636
821 184
824 96
594 467
500 955
905 913
61 750
823 893
911 447
207 342
89 545
114 288
442 980
514 634
17 775
952 411
42 310
301 945
804 169
846 488
471 836
744 755
267 612
723 65
483 517
923 991
136 797
458 127
355 11
89 626
554 570
61 711
4 412
734 304
335 981
338 53
142 109
889 79
305 729
833 795
924 335
994 736
34 604
524 455
130 101
284 439
847 206
294 874
781 601
772 368
79 766
692 742
598 547
727 226
732 217
566 205
231 172
216 637
328 404
638 862
755 532
735 229
305 407
847 161
441 162
194 958
726 89
31 743
58 106
583 327
376 400
517 133
190 85
535 138
785 16
442 535
59 774
493 399
503 472
164 887
381 297
908 174
97 619
934 925
478 485
829 380
696 818
809 437
863 952
286 713
999 796
470 918
421 743
219 50
668 359
337 431
772 37
576 867
660 750
743 410
719 448
891 458
42 67
896 27
933 529
231 873
296 67
509 304
445 882
