15
250
655 855
149 147
481 309
190 135
698 309
910 481
566 630
320 800
593 371
116 470
660 321
736 928
320 988
138 484
6 51
15 891
504 636
315 470
111 442
430 572
579 107
470 273
832 518
55 739
3 858
84 270
473 817
824 0
776 155
926 86
517 487
793 781
17 636
65 964
416 790
683 486
975 52
555 542
114 103
632 252
679 277
37 756
186 714
568 621
846 624
768 535
581 165
624 766
404 347
50 891
886 982
850 505
667 998
624 229
13 907
521 150
119 328
723 324
923 369
83 230
190 582
661 587
993 562
903 58
607 709
315 141
390 596
606 216
780 307
74 40
984 289
652 630
921 289
859 354
999 201
270 996
156 467
360 350
239 513
932 230
669 61
774 280
860 910
621 32
405 527
700 724
533 874
535 791
232 490
256 122
187 742
662 830
77 521
302 613
808 798
649 70
666 368
498 190
299 592
666 444
2 720
706 853
344 284
652 582
41 96
55 216
338 548
77 382
419 69
850 186
739 749
163 69
42 242
817 421
8 44
41 352
135 464
65 71
695 602
864 583
118 71
530 688
657 432
264 464
132 474
584 514
794 635
358 368
682 775
999 544
534 688
949 785
689 948
68 39
668 720
223 28
740 739
784 895
628 189
883 401
27 574
565 57
330 291
662 794
260 523
232 986
730 71
947 579
474 16
583 895
315 195
605 916
8 943
835 775
111 959
234 788
172 275
693 644
159 193
303 359
166 649
41 809
776 862
880 913
264 720
559 420
730 326
110 641
293 392
935 821
629 899
200 318
211 94
450 893
980 298
597 93
163 278
198 136
347 784
534 104
622 295
416 419
299 989
110 535
343 10
528 837
715 596
547 419
917 803
226 17
870 136
36 29
807 950
769 530
65 81
546 787
288 50
852 686
226 804
825 475
162 769
907 388
372 222
710 478
332 126
425 821
984 698
688 246
774 989
17 437
787 461
728 583
642 453
434 18
533 296
10 385
842 825
36 36
77 654
884 716
22 674
322 651
375 377
636 754
829 158
71 156
712 144
476 336
848 244
587 100
782 388
303 924
820 837
14 514
954 214
850 584
318 44
433 497
967 531
30 213
350 750
225 291
202 815
770 128
486 211
141 206
529 653
26 961
490 946
709 443
