15
250
63 366
640 791
494 145
925 3
181 551
805 457
240 412
594 387
916 673
43 503
237 337
451 419
530 990
780 353
525 717
313 559
86 691
801 366
335 634
590 180
498 221
965 328
951 924
73 522
314 459
80 428
337 885
543 497
946 633
905 225
171 374
482 518
60 689
27 526
526 559
998 277
775 449
752 14
989 612
830 829
8 129
96 829
957 536
107 825
572 187
579 73
539 210
453 75
987 627
698 195
296 236
151 649
871 71
121 358
368 264
311 962
66 190
464 92
101 364
283 15
211 18
245 774
488 933
476 900
833 903
882 626
625 308
470 294
269 403
325 948
121 334
422 580
556 542
610 911
487 245
154 887
355 65
555 995
231 794
484 835
129 905
792 494
812 276
487 110
815 458
783 901
671 216
295 438
298 701
756 770
996 888
861 405
152 940
713 348
244 374
825 134
158 987
607 988
445 368
237 918
592 103
723 844
923 282
216 749
457 176
705 856
283 193
264 813
413 8
292 614
426 196
6 687
990 474
636 543
553 427
598 754
460 86
261 365
652 434
987 622
651 297
646 773
797 580
871 74
320 943
551 972
629 609
384 843
900 603
209 852
100 794
20 31
975 779
490 773
979 570
286 531
261 446
654 846
153 532
541 682
476 799
694 235
434 497
43 223
124 657
604 406
425 609
788 974
557 602
876 616
959 598
875 353
324 434
669 518
449 758
935 599
885 155
461 622
405 608
859 245
465 344
936 553
972 755
689 470
154 759
450 104
906 587
382 188
306 97
767 769
153 326
977 503
631 871
529 186
945 769
628 882
473 364
154 314
723 469
673 346
858 839
813 468
472 805
533 800
252 527
905 372
246 655
103 172
606 999
725 889
763 368
913 65
175 105
397 836
447 346
326 302
609 820
131 277
886 680
770 89
159 216
958 530
747 542
541 699
814 999
758 114
454 203
16 208
87 52
525 315
374 664
525 877
91 444
943 337
759 279
618 234
421 601
642 472
621 38
22 904
667 875
814 94
47 924
10 898
77 207
718 372
492 97
74 933
292 266
469 380
232 79
561 521
220 701
913 313
120 309
104 343
449 208
731 676
497 280
446 778
501 528
117 74
333 753
696 352
976 130
282 560
629 180
715 128
214 327
712 690
