22
500
548 16
559 223
262 688
407 978
695 623
788 981
719 918
340 622
808 608
849 16
409 198
826 523
772 926
260 79
73 567
145 133
52 836
897 690
98 562
829 513
217 232
611 132
749 794
283 407
926 202
247 777
615 147
81 383
882 643
567 23
102 637
954 598
19 320
629 622
788 808
880 904
242 751
667 538
442 703
280 541
357 903
57 613
742 151
369 581
32 177
687 359
141 150
340 46
851 770
869 568
184 542
541 939
895 704
930 314
363 241
319 195
64 99
994 657
233 108
564 562
139 243
622 772
569 230
843 808
73 542
616 547
460 95
815 885
602 688
67 808
771 531
358 279
659 338
182 912
117 959
943 808
480 997
818 81
527 208
370 674
513 526
343 523
921 73
892 860
697 562
634 217
519 339
32 748
914 56
978 471
709 371
886 68
521 475
598 947
194 113
815 231
232 351
512 573
173 117
126 74
806 401
332 896
523 394
336 837
912 402
201 857
926 981
4 889
92 226
526 997
374 5
788 730
240 406
926 756
868 682
138 532
143 627
700 994
209 247
707 320
35 514
79 930
43 265
775 645
835 380
415 723
96 559
726 368
502 174
125 501
153 506
659 590
286 596
878 650
432 692
13 439
246 958
488 159
769 906
185 147
244 991
67 322
108 204
296 918
23 875
634 987
601 449
271 333
161 774
863 533
410 710
297 927
85 257
481 859
820 669
647 230
977 326
433 965
317 856
752 830
845 233
703 282
943 981
352 459
618 270
418 758
899 520
29 884
668 823
885 395
583 950
516 876
112 77
210 945
904 446
528 101
510 252
507 831
696 664
979 916
103 113
595 609
280 327
563 442
223 805
600 458
974 721
582 575
84 360
444 601
968 163
325 311
124 768
471 157
663 471
812 174
219 10
742 475
165 167
56 165
42 677
79 900
806 433
159 548
688 500
162 137
538 482
307 496
413 842
361 105
553 573
95 236
841 621
640 879
389 571
887 193
729 181
925 942
291 146
804 784
946 899
0 966
74 40
205 475
803 852
612 54
417 15
999 114
375 774
12 249
877 632
478 106
456 871
606 43
632 562
337 573
781 587
875 715
499 929
417 958
12 212
468 617
852 865
25 875
256 913
518 262
960 346
839 419
403 73
118 40
938 738
129 352
285 607
581 413
785 721
297 932
259 893
37 604
374 654
337 149
600 363
122 34
146 948
351 98
727 575
410 352
516 17
2 317
261 83
557 95
897 43
634 352
923 331
188 702
850 891
971 130
98 526
293 591
49 531
218 753
302 131
333 752
843 273
734 175
227 75
156 829
158 516
192 64
354 867
548 368
460 859
219 359
300 680
874 323
590 59
612 862
293 882
667 555
82 319
594 212
2 107
96 628
757 831
614 662
187 135
586 489
417 436
588 872
9 276
493 930
376 903
440 259
552 353
897 373
406 455
17 823
278 952
412 311
194 321
513 943
986 997
16 674
157 656
235 474
253 22
699 647
153 484
211 709
492 10
761 883
218 996
121 787
131 324
988 667
808 654
805 887
154 192
68 665
699 651
676 215
612 474
407 454
381 374
705 568
731 747
393 24
643 67
548 366
509 669
548 211
140 90
286 690
833 812
834 609
719 762
267 867
746 868
61 428
785 968
150 184
978 823
693 640
508 312
855 242
904 486
753 892
889 976
512 980
754 981
236 807
791 649
667 788
299 649
529 780
120 919
613 265
390 10
879 960
186 278
398 828
704 339
686 745
243 861
806 857
617 55
568 150
500 356
777 477
579 996
768 411
631 967
140 95
233 441
285 979
41 314
181 824
785 480
280 142
216 28
630 157
610 790
401 379
516 782
193 938
798 640
981 428
906 699
101 142
664 654
435 518
436 727
671 787
79 194
129 752
289 762
425 612
81 159
475 625
643 220
839 918
736 91
84 531
588 768
701 977
48 407
251 940
831 739
169 711
86 235
655 922
725 683
182 177
74 469
203 532
524 482
991 470
189 793
130 733
25 217
287 294
331 511
203 546
199 359
959 400
546 881
597 536
285 162
8 890
481 36
92 905
932 91
900 223
209 340
570 573
422 212
817 415
263 714
334 163
344 234
197 20
631 999
856 351
808 52
234 665
466 200
954 283
703 180
403 379
945 929
240 968
151 803
533 370
479 332
176 635
965 870
638 782
722 561
19 98
656 253
185 571
985 725
569 806
959 392
520 839
383 621
776 329
343 930
744 161
78 145
254 343
443 144
752 113
869 827
290 606
665 184
657 268
690 135
486 839
339 732
703 823
