22
500
729 817
181 558
588 18
697 602
994 530
71 399
546 311
221 590
587 425
569 675
43 278
198 611
850 997
6 906
649 486
317 810
241 926
341 688
412 864
324 312
226 663
678 688
873 184
439 514
141 908
225 428
968 812
63 857
390 957
812 194
327 794
867 935
514 825
996 863
930 486
271 72
215 563
448 624
572 305
519 82
281 192
706 484
965 498
306 756
745 310
343 275
835 377
993 794
382 607
876 401
50 430
190 591
110 315
153 339
895 774
768 776
762 577
135 440
174 902
267 704
807 118
347 952
825 461
114 350
642 803
426 288
537 830
311 383
73 915
597 180
612 371
422 634
846 914
92 899
575 315
543 135
972 334
476 847
276 180
875 47
362 690
355 113
819 264
340 143
93 446
312 672
625 940
847 868
287 31
405 459
357 620
610 559
28 493
815 26
656 728
24 937
593 991
594 856
250 66
218 536
654 128
775 107
938 725
357 488
570 357
671 834
636 663
888 43
467 741
118 533
825 95
868 201
181 175
603 217
109 759
108 263
135 638
892 409
898 58
492 996
460 808
452 365
663 623
220 759
141 602
535 990
468 291
164 218
561 981
322 399
813 571
255 529
358 468
885 797
509 647
138 715
735 59
730 72
738 191
35 503
510 225
869 311
341 674
524 32
656 62
411 543
696 801
711 546
462 981
325 261
63 160
33 714
64 251
564 382
18 629
865 32
65 165
140 910
975 543
719 664
824 741
603 205
945 431
167 916
506 270
976 827
622 578
965 555
763 19
654 765
322 692
417 261
868 715
816 141
678 645
210 869
371 535
580 301
37 584
900 997
520 818
682 460
627 23
284 988
875 312
932 735
894 664
488 227
441 7
157 288
991 554
753 155
462 904
620 931
919 416
226 728
634 390
112 587
132 420
976 112
86 125
530 305
291 445
129 317
782 12
288 613
901 945
879 670
670 3
518 314
940 731
828 665
838 5
12 958
44 981
253 836
583 135
597 975
148 150
121 726
189 262
451 62
108 158
385 571
205 20
870 479
567 500
375 853
814 972
396 943
224 759
872 571
177 785
375 700
614 121
476 557
395 930
276 512
697 604
762 261
728 161
48 542
684 225
231 879
455 542
459 891
771 196
69 401
674 88
246 165
956 977
709 707
572 220
462 263
208 457
344 184
610 323
768 443
328 901
695 787
589 720
317 149
161 985
248 602
420 767
917 622
2 306
962 6
396 63
717 823
467 776
501 880
185 912
3 681
814 12
876 749
900 597
478 787
759 755
860 523
476 763
688 683
477 472
844 785
823 536
877 891
416 437
205 962
744 156
652 397
379 242
721 186
711 306
594 575
233 44
334 575
487 304
403 200
449 575
770 688
680 986
979 872
507 684
829 57
635 554
446 915
490 507
108 237
204 611
726 966
161 1
378 290
815 592
531 872
560 235
654 632
733 10
753 106
631 537
121 490
293 967
503 519
207 60
439 794
254 355
52 796
30 143
259 672
977 810
98 648
672 248
229 348
929 955
77 165
976 120
773 167
427 166
682 45
807 263
470 774
296 902
450 277
113 112
830 78
688 560
422 20
285 51
714 616
159 274
306 924
763 845
996 150
602 100
132 112
917 33
478 468
224 25
699 900
456 154
510 983
914 519
970 944
482 534
410 193
981 994
692 293
611 980
507 186
692 28
175 413
566 358
947 208
248 896
259 854
502 712
736 984
642 754
906 600
547 782
225 778
789 744
855 530
733 849
221 520
374 723
17 696
333 778
177 982
149 878
255 591
944 909
128 739
971 21
770 759
101 751
474 31
884 599
40 704
108 232
135 130
260 837
565 453
766 945
539 603
139 608
985 499
633 159
290 982
971 606
839 954
19 166
690 52
414 132
497 202
188 397
789 375
530 93
423 655
366 200
654 178
167 577
871 134
230 888
345 988
732 670
379 125
354 469
741 246
263 467
584 30
770 277
267 224
212 887
763 843
960 761
677 247
130 582
923 907
930 102
34 946
380 155
772 419
613 585
566 775
227 871
872 750
673 330
556 258
86 656
309 205
761 753
397 943
835 986
835 631
153 468
488 954
93 649
876 250
112 790
914 462
78 316
325 31
309 89
21 978
275 524
553 529
164 141
498 93
853 18
874 814
256 830
104 514
788 227
137 188
912 929
117 268
268 503
899 317
523 262
769 963
129 846
676 571
878 679
520 589
292 289
356 628
498 543
558 182
53 902
359 190
712 260
274 231
816 92
982 859
23 54
133 370
251 146
808 758
737 709
858 587
