22
500
315 566
298 775
469 631
775 133
186 421
471 807
59 479
185 803
656 412
536 442
992 367
281 841
316 888
40 260
398 468
113 421
881 54
677 754
565 487
676 101
865 17
201 508
925 506
886 817
604 564
644 708
274 977
167 373
848 795
501 238
745 954
961 476
895 902
104 358
887 300
327 77
190 534
47 436
318 499
759 130
714 606
588 730
106 306
366 340
906 530
378 156
613 894
408 63
130 770
960 310
120 673
358 52
812 40
191 585
795 365
263 433
822 453
705 463
698 180
970 138
896 968
354 42
144 231
944 964
380 54
585 808
788 427
316 172
575 586
637 745
496 428
636 883
20 798
97 855
382 574
991 68
109 576
274 996
580 718
638 524
283 422
941 271
591 37
317 521
835 569
732 423
80 253
632 964
937 285
183 445
964 809
128 998
957 439
125 702
37 361
470 205
690 141
242 895
812 291
452 312
900 985
264 990
128 562
273 926
951 614
488 47
758 11
859 427
788 257
527 12
593 683
451 443
709 952
932 323
104 113
430 797
190 222
438 276
844 546
617 536
172 61
567 680
976 111
554 240
319 89
885 706
49 816
875 305
489 971
430 305
806 492
160 963
885 451
129 596
351 422
413 628
179 685
921 52
872 561
106 728
704 205
267 493
452 60
345 116
368 82
308 692
419 447
860 822
982 670
21 474
278 748
257 663
808 715
937 831
912 902
159 784
525 247
891 71
444 684
232 112
648 472
115 904
723 230
175 891
668 169
671 393
5 574
921 108
831 635
875 461
492 217
438 68
817 100
587 973
262 251
86 583
148 195
262 145
106 30
813 38
403 361
746 463
903 347
713 815
676 377
180 938
330 318
624 806
960 608
559 988
742 486
645 296
144 981
41 195
371 906
834 986
487 849
955 183
761 652
245 861
916 568
887 554
259 409
44 53
910 454
290 6
143 127
514 333
96 731
705 674
274 62
818 596
404 335
389 589
567 767
824 42
218 13
305 473
846 71
245 387
752 603
832 400
582 916
89 922
400 200
729 810
725 278
33 575
231 821
613 501
108 999
368 649
473 988
197 163
101 131
31 964
128 435
398 471
558 808
847 452
988 10
790 975
822 159
722 488
410 64
166 851
709 232
880 959
151 937
127 308
69 617
694 13
644 850
983 773
165 432
942 703
897 963
219 205
210 596
155 546
891 268
404 355
245 807
859 535
63 408
420 40
634 670
749 250
366 772
831 928
205 831
650 214
34 688
581 656
748 697
790 882
221 908
868 561
593 359
110 358
6 444
871 539
855 53
225 998
20 452
507 546
234 281
641 37
155 365
727 453
185 282
449 659
580 733
281 465
949 348
646 303
982 34
725 601
161 330
47 509
42 104
583 697
865 98
974 105
264 757
157 246
517 492
414 74
900 19
319 631
101 491
581 615
373 494
569 983
11 937
673 397
842 458
46 728
398 743
340 150
757 405
28 928
51 74
426 138
569 298
475 231
996 230
184 970
150 316
567 711
603 103
188 927
953 710
324 738
364 226
737 127
118 585
111 167
440 913
553 648
744 918
633 645
431 763
155 475
205 711
484 470
322 127
884 417
956 746
917 469
585 98
447 249
104 485
938 280
968 347
823 400
724 850
388 390
385 454
410 374
390 100
43 600
263 269
517 319
526 744
462 260
654 616
796 463
605 981
418 629
438 142
568 13
752 684
136 84
367 561
912 280
541 55
153 522
300 126
779 460
210 365
347 890
890 450
98 246
483 36
467 123
671 429
176 579
714 382
145 860
757 842
139 869
326 948
857 534
638 429
554 685
199 373
110 661
295 27
214 545
61 112
871 423
431 765
371 919
421 300
860 162
862 516
646 288
94 591
520 873
160 630
262 589
534 132
934 128
802 999
172 629
127 491
173 651
73 344
140 85
686 196
77 931
383 276
84 437
415 227
497 552
600 797
594 249
196 893
428 79
662 419
336 493
893 97
366 285
922 852
193 288
39 24
351 233
124 788
98 369
687 629
800 861
103 167
564 213
222 902
110 630
984 506
646 414
164 272
440 207
662 5
708 540
238 29
38 521
409 946
133 504
257 193
25 902
492 895
110 428
38 697
416 856
956 760
994 468
406 50
214 574
272 77
619 199
654 847
862 800
969 426
527 501
370 379
202 829
985 761
981 970
842 938
268 787
269 737
727 546
553 460
421 199
813 130
0 218
618 674
708 952
368 118
597 525
988 559
380 368
787 425
693 932
133 911
321 98
528 338
51 228
776 138
552 813
105 919
768 132
