22
500
942 667
899 779
265 22
419 968
591 345
593 261
763 670
427 709
430 961
97 110
701 204
126 935
304 560
268 740
775 145
404 676
994 921
935 219
805 60
580 236
343 555
879 150
518 722
314 48
361 380
810 327
98 614
136 91
445 201
202 226
833 649
862 220
34 914
906 118
904 763
427 642
607 250
568 875
164 767
531 918
569 157
620 315
78 811
233 108
108 424
77 525
471 5
123 953
7 28
72 261
755 910
619 973
891 707
722 365
792 442
234 59
186 681
506 303
133 358
181 20
385 227
370 136
629 880
706 887
96 731
981 966
275 394
321 571
94 105
112 98
173 431
516 467
119 411
554 495
748 820
241 520
56 62
341 488
727 344
108 738
839 562
901 765
613 51
960 167
853 809
493 838
441 26
357 522
21 623
623 894
69 137
528 21
772 435
554 129
618 567
8 830
817 740
659 285
372 93
396 461
771 389
639 973
352 319
800 124
72 170
524 808
558 569
622 789
562 632
925 958
441 906
271 695
985 480
493 19
203 428
82 905
478 147
696 321
604 977
569 213
275 23
695 818
914 551
264 78
69 24
266 587
152 365
399 545
396 863
61 411
704 339
37 703
512 782
477 169
802 669
428 593
219 834
18 72
221 192
2 210
891 319
837 334
83 363
971 737
334 303
824 999
607 479
225 315
797 507
386 655
767 55
54 900
587 391
498 157
947 792
462 663
589 642
153 576
750 721
800 809
242 747
234 646
938 740
635 698
650 13
555 743
838 203
579 411
600 443
491 838
233 59
227 456
330 196
916 31
173 355
217 406
901 519
640 826
943 846
111 174
443 528
620 846
531 332
422 104
150 545
81 182
89 828
250 184
428 409
320 351
853 485
715 996
99 800
356 343
432 952
592 564
83 376
185 79
778 335
555 808
809 149
552 442
409 353
609 69
464 829
602 507
960 555
889 656
719 553
394 538
731 375
754 480
448 626
742 767
631 456
223 360
996 716
524 973
604 980
908 586
425 981
319 616
428 720
919 540
510 94
360 79
51 383
465 230
811 0
223 282
846 435
405 434
204 544
185 668
334 162
709 523
60 620
97 617
660 586
466 54
860 939
761 137
980 412
122 651
643 417
359 947
876 420
17 747
492 800
611 74
587 686
171 563
93 230
645 915
492 435
933 424
420 165
25 852
530 642
209 729
98 894
28 238
444 918
744 984
393 197
461 620
720 350
511 648
576 232
303 817
665 967
669 439
387 879
43 533
298 108
313 621
229 925
696 441
881 758
13 979
567 237
5 229
847 260
39 453
936 653
315 824
949 276
181 352
869 262
13 440
758 359
382 700
191 89
504 781
105 736
549 450
386 451
53 802
678 117
383 518
161 105
108 348
902 452
769 661
909 828
153 64
44 55
788 752
701 422
505 560
888 792
955 807
917 83
99 919
216 125
17 567
497 872
424 648
342 732
694 292
712 95
132 770
23 168
856 510
715 161
533 982
416 538
156 632
132 249
249 223
553 639
724 644
50 415
858 608
979 792
703 0
761 226
202 561
859 365
734 867
300 812
833 162
374 945
290 583
405 122
12 918
365 745
97 145
728 465
605 545
760 652
97 708
198 378
911 690
116 347
673 993
213 846
777 193
791 330
228 506
154 1
992 1
720 213
694 90
385 58
566 631
313 11
151 78
624 673
7 448
751 422
357 334
946 704
816 494
350 625
532 492
856 650
969 308
479 40
767 627
991 343
114 461
763 619
725 816
750 693
678 336
998 978
751 93
958 736
404 54
399 873
286 264
370 578
891 890
596 718
151 496
22 435
699 703
40 590
584 464
938 74
96 286
95 547
882 169
86 209
976 717
142 552
950 340
869 228
121 560
597 490
522 485
356 698
998 963
518 648
251 513
537 266
665 612
541 412
738 664
430 127
663 766
639 816
89 155
141 764
673 113
613 881
437 958
651 960
23 186
784 615
819 463
991 987
500 41
252 866
916 348
937 894
775 333
103 870
706 561
493 879
102 73
872 319
51 207
783 970
530 50
498 37
811 749
615 952
207 735
960 601
83 299
244 427
778 975
128 262
694 697
274 319
907 710
346 920
200 636
62 27
507 663
984 792
479 481
510 301
532 402
685 805
676 792
915 409
741 367
688 355
832 825
512 314
669 33
32 832
865 362
194 911
85 172
846 937
564 174
375 775
673 295
328 41
114 414
105 293
645 466
354 27
69 996
594 956
449 201
964 330
713 459
391 283
998 470
137 7
837 648
279 113
48 930
755 483
769 443
