22
500
353 319
515 139
625 49
663 30
938 804
920 305
96 607
720 898
242 213
854 158
672 596
874 584
24 301
924 433
153 605
379 861
94 991
897 392
260 779
187 707
215 271
295 23
350 17
46 661
847 886
369 623
933 522
135 518
590 997
492 866
201 405
358 759
293 774
817 394
412 139
355 760
910 343
121 239
546 813
344 460
711 704
663 664
193 184
505 207
847 402
921 430
58 282
543 329
656 639
687 766
605 700
176 569
43 423
834 533
792 303
873 284
390 231
78 715
593 585
796 653
569 425
176 90
790 391
345 412
603 992
223 150
420 362
457 986
377 26
46 21
821 980
685 792
496 894
712 726
55 18
203 373
590 941
411 995
724 481
985 655
444 483
493 832
276 482
159 950
942 405
497 995
92 343
857 526
168 515
595 756
809 837
411 843
818 68
135 156
821 131
954 188
21 942
125 135
17 759
1 698
588 637
976 980
729 765
753 335
835 448
257 977
195 745
903 154
283 865
456 441
55 929
609 975
971 419
483 472
231 766
457 793
320 276
605 826
480 385
456 994
997 114
152 529
711 304
939 943
899 464
218 126
581 720
10 6
802 775
763 933
187 753
235 992
901 647
917 411
694 159
123 361
594 197
827 185
539 798
980 877
967 148
298 240
83 971
535 731
398 366
482 251
448 287
980 931
585 586
124 18
6 12
909 25
454 525
461 755
58 735
958 881
403 394
826 41
278 862
751 2
234 212
810 935
346 154
511 406
62 113
879 379
60 308
930 926
84 918
828 253
433 96
276 399
107 159
239 591
993 846
636 17
371 101
488 604
894 806
929 476
57 319
344 402
757 481
280 83
265 124
483 610
307 357
27 914
826 237
718 581
704 799
826 50
101 285
640 150
255 191
30 106
214 778
236 908
827 417
184 789
969 963
141 854
508 128
510 344
805 521
153 127
943 11
870 145
132 760
519 209
601 242
641 219
145 869
344 587
589 616
225 255
208 727
824 861
752 464
562 794
56 863
453 177
923 889
732 652
76 601
687 105
121 459
791 460
477 35
662 549
132 585
637 838
969 915
367 900
931 830
75 903
47 355
783 359
919 186
479 61
416 606
5 347
521 725
459 961
135 441
196 453
174 672
80 310
377 285
334 693
474 344
491 609
550 753
321 613
928 364
460 992
189 209
590 297
687 884
681 109
251 316
484 511
158 586
975 594
236 47
889 758
808 786
681 549
144 669
129 152
432 611
958 427
735 656
868 809
775 364
999 973
845 510
852 559
608 298
989 775
614 566
140 778
194 407
599 14
50 18
769 963
389 33
338 599
218 445
724 974
755 970
790 893
672 876
678 345
144 580
759 457
587 503
835 141
547 283
217 769
448 366
335 994
434 805
779 923
513 973
683 132
217 666
605 560
826 802
576 410
931 629
873 580
542 916
602 275
447 514
300 954
294 395
342 9
788 24
94 681
218 508
827 999
500 63
373 211
925 196
460 901
364 24
142 275
292 522
541 792
730 745
36 140
863 815
377 348
605 112
78 102
783 414
170 220
32 125
789 586
6 814
64 149
263 74
730 490
577 629
528 321
320 52
572 420
144 444
46 7
803 737
408 854
492 895
346 813
170 409
46 720
280 812
751 184
417 846
331 527
249 504
111 312
774 854
521 942
549 383
240 455
442 933
255 564
903 155
57 808
717 278
103 322
17 329
829 945
445 529
730 988
87 369
358 19
47 379
790 941
938 12
410 935
100 635
616 357
602 854
298 472
173 248
762 220
347 779
589 141
679 590
837 773
241 763
465 317
160 856
903 462
907 831
834 450
15 684
542 636
731 907
280 321
791 660
163 449
251 868
717 806
700 97
744 528
169 481
556 586
619 368
242 573
331 964
971 830
654 614
86 959
43 824
385 783
358 997
47 526
117 626
480 394
14 63
358 495
579 1
539 30
966 623
768 677
287 671
537 639
533 909
20 319
105 567
616 694
14 792
938 375
420 215
66 491
804 723
556 239
93 877
562 222
909 90
88 859
819 116
320 55
417 916
43 883
600 829
32 875
219 216
343 127
389 400
223 143
159 953
605 827
193 2
230 676
42 564
523 138
379 86
987 547
925 767
119 605
307 719
223 168
218 202
58 707
84 801
282 505
572 734
574 120
853 469
9 542
699 122
696 0
170 139
304 624
357 131
118 762
847 503
680 99
302 24
416 991
757 94
841 30
848 414
954 633
147 528
640 191
195 23
897 479
926 117
506 321
334 27
761 133
608 938
991 935
107 289
173 454
