22
500
820 656
372 440
25 172
704 219
396 524
377 553
93 598
263 710
863 434
876 337
427 480
408 682
103 344
459 293
914 736
102 926
270 720
78 939
179 57
622 65
868 876
392 927
184 80
263 503
64 643
660 539
112 569
60 332
955 506
122 213
335 750
990 478
322 252
601 28
208 968
796 798
114 34
940 299
717 291
796 447
196 331
360 101
514 390
121 781
0 797
553 78
663 896
341 519
395 953
522 648
717 756
125 150
891 770
611 523
861 109
514 971
159 982
786 250
854 938
956 740
241 811
477 573
606 539
542 894
325 619
556 409
829 945
151 676
249 504
729 985
495 313
389 670
581 448
209 904
680 353
753 419
626 537
529 812
759 985
775 927
501 757
811 980
29 755
260 700
218 959
345 706
797 964
344 165
386 436
462 66
267 464
644 718
903 539
690 8
175 240
67 181
309 925
612 198
233 327
538 548
241 980
319 915
884 560
849 996
219 151
135 292
884 922
673 34
277 988
123 654
650 84
533 653
595 13
210 985
396 448
355 605
962 643
624 646
383 219
362 85
211 205
664 930
375 923
179 314
134 130
800 936
739 799
962 498
537 482
658 890
539 610
716 493
249 824
495 657
579 336
112 727
957 514
203 648
664 279
200 275
928 591
942 604
255 583
935 545
301 543
847 246
714 386
585 64
322 303
568 710
724 84
600 836
303 170
7 977
170 443
243 457
254 608
592 893
81 823
174 101
530 474
669 311
852 131
318 153
826 83
288 827
101 466
836 952
461 408
277 443
497 290
359 663
12 24
83 198
655 964
956 83
429 933
977 27
334 249
135 573
188 305
115 723
260 78
737 176
697 737
827 761
443 432
945 721
246 93
730 37
395 928
637 790
448 765
846 636
548 248
584 39
795 909
763 449
698 724
771 720
176 513
269 216
570 362
966 276
177 937
729 116
521 721
829 115
985 566
345 808
578 541
157 748
997 946
78 411
134 273
53 747
87 844
710 218
994 827
128 420
263 393
749 217
342 123
455 693
498 507
365 497
715 795
249 296
861 702
936 508
402 592
645 14
89 773
762 284
257 207
556 892
534 937
129 591
222 376
921 321
401 802
327 141
859 382
106 485
576 347
652 191
50 149
702 260
458 738
38 250
937 842
46 9
393 453
610 594
205 214
174 890
497 13
689 351
447 323
570 130
552 462
142 946
812 508
363 346
270 229
733 200
414 993
650 438
948 440
187 653
542 928
809 829
894 305
762 882
915 677
527 497
763 851
107 88
522 194
18 139
617 802
403 634
726 935
84 536
691 655
920 822
414 779
664 542
989 298
203 756
931 80
387 46
891 349
318 637
272 690
893 203
991 759
293 404
746 576
95 770
402 894
854 312
552 689
389 96
752 691
514 112
866 136
915 110
718 802
708 453
492 752
618 184
645 110
982 779
697 136
969 577
830 857
961 911
113 40
333 167
741 73
939 106
853 490
563 157
447 564
896 852
480 673
459 932
750 629
51 737
213 124
621 544
873 507
251 975
453 803
772 457
518 624
1 837
912 569
679 870
843 528
886 542
760 96
293 443
550 126
415 691
275 839
958 268
433 865
26 876
40 311
486 303
689 116
32 431
310 897
283 590
604 729
667 111
538 193
900 890
73 109
919 326
223 470
945 760
761 591
178 154
733 367
167 775
161 49
109 795
812 78
771 920
143 477
682 171
80 985
876 348
243 784
6 324
924 307
579 953
717 593
38 773
496 751
411 13
555 490
35 773
398 517
19 217
193 950
800 182
38 962
632 566
200 257
944 866
271 20
862 571
697 355
466 953
423 419
6 524
433 756
199 33
223 233
878 76
981 433
152 228
513 730
14 708
669 965
130 661
883 284
695 97
706 360
707 882
300 280
156 313
313 331
547 699
940 471
538 349
295 722
822 345
293 77
297 913
772 544
351 687
846 528
818 647
450 589
964 764
732 481
648 551
861 387
662 423
536 977
881 626
75 588
519 281
246 821
804 777
11 806
315 590
650 979
19 810
879 926
561 155
450 514
496 915
339 248
946 145
608 797
105 533
285 757
222 920
887 800
21 521
389 626
547 668
355 177
525 814
796 879
7 467
235 535
982 40
878 989
339 181
504 86
516 394
202 415
872 26
877 865
798 21
942 289
715 223
182 550
294 886
621 916
698 281
83 853
887 123
3 687
133 871
420 961
775 470
572 479
848 763
435 21
116 656
66 391
989 258
855 231
313 182
62 56
988 655
573 927
8 456
44 322
493 851
199 904
654 900
