22
500
860 966
280 888
490 994
121 156
455 701
115 791
301 230
745 406
875 509
766 782
517 167
220 896
597 23
336 981
483 814
674 143
736 422
968 825
880 905
289 36
694 577
63 728
25 307
22 699
540 213
121 241
476 336
139 200
202 516
915 910
264 695
993 849
224 354
686 971
872 96
552 904
370 540
42 166
312 310
658 808
645 945
627 990
478 852
475 141
479 811
71 111
226 641
435 806
538 556
918 618
669 597
177 52
384 43
896 54
829 315
737 306
464 966
954 612
471 559
831 780
575 575
305 372
835 647
290 370
936 514
204 730
68 884
569 628
340 482
237 605
421 279
792 733
898 769
120 940
468 222
260 65
488 366
635 769
1 782
578 616
455 798
644 183
448 168
796 723
154 541
110 46
490 86
451 948
191 868
323 435
360 604
93 968
796 355
194 234
656 497
776 965
762 125
794 302
37 845
180 190
837 472
965 301
170 755
181 236
730 444
414 886
495 694
511 300
248 73
42 812
370 829
159 989
967 155
834 362
735 944
64 144
339 639
479 790
969 914
27 224
81 485
564 624
205 231
541 793
479 349
624 689
733 901
260 835
664 372
649 94
731 436
978 846
246 182
160 341
89 24
144 853
38 19
515 893
263 803
388 101
231 315
854 31
181 669
587 780
234 892
177 848
211 438
398 804
267 297
205 742
232 864
497 87
789 17
190 913
768 63
431 58
882 312
145 361
812 82
639 452
433 446
271 708
574 977
746 125
37 395
904 590
177 942
185 41
820 685
841 856
668 510
19 573
949 214
598 379
552 903
765 126
64 552
471 380
189 761
423 631
2 474
783 184
384 239
989 321
86 898
672 222
936 525
283 129
492 842
943 753
404 529
144 863
765 373
342 397
150 699
163 267
916 8
508 127
194 742
841 936
342 659
990 904
687 359
284 451
538 551
66 104
532 59
908 843
922 416
726 844
276 418
890 176
184 762
309 753
226 968
215 341
817 894
377 280
589 336
641 7
421 371
401 18
549 249
206 893
132 926
564 580
563 707
999 928
705 884
276 418
732 808
158 490
963 85
844 188
990 773
679 448
367 393
618 797
793 536
698 442
366 756
277 641
432 489
511 247
781 987
935 380
965 771
112 92
143 293
363 159
855 625
578 299
469 580
343 340
135 883
235 678
214 228
707 7
61 960
637 203
782 441
768 924
976 252
201 294
531 330
866 405
11 281
925 452
498 778
358 707
928 703
30 60
886 651
580 378
697 189
758 454
273 194
645 991
841 903
854 965
33 184
837 315
798 896
220 167
748 669
834 174
666 543
6 929
651 597
34 262
813 3
333 397
82 564
977 992
780 865
875 541
630 955
616 579
437 874
300 511
125 218
150 258
912 607
344 0
569 238
451 296
775 695
815 419
821 82
535 675
422 853
27 689
725 463
239 355
499 372
489 8
866 782
592 49
574 44
856 998
763 913
409 2
298 420
383 517
5 728
61 692
834 871
547 78
148 0
342 645
748 225
542 152
207 163
435 593
873 953
793 431
55 940
866 546
642 415
906 503
919 921
414 103
700 668
518 664
53 937
65 959
620 86
448 640
23 454
563 741
403 571
951 375
663 650
665 923
723 146
500 684
951 491
870 937
152 408
288 434
53 128
909 357
536 222
890 783
728 131
11 865
787 933
855 753
976 486
249 89
250 44
424 137
449 456
960 980
507 13
399 617
672 159
476 361
259 694
809 215
780 677
505 953
946 139
68 866
150 814
64 937
834 398
42 41
753 29
330 742
304 449
732 105
138 572
155 152
921 193
864 597
864 890
624 953
310 26
515 525
252 484
689 445
312 15
783 722
802 950
95 882
195 784
702 229
206 57
702 143
391 795
516 813
919 413
148 446
362 325
168 919
407 341
960 203
502 160
387 638
681 816
499 164
193 653
191 810
265 619
874 776
583 729
840 498
655 713
33 338
818 121
870 956
835 797
640 470
530 671
617 489
810 909
666 232
821 932
883 556
415 886
721 953
895 870
73 537
42 476
491 411
970 313
162 984
668 272
727 538
416 175
925 920
649 969
240 146
107 626
223 142
940 974
824 85
523 438
538 422
405 896
70 884
543 674
71 62
590 298
488 227
450 245
509 575
641 706
641 319
351 258
366 477
755 95
540 424
773 774
248 932
956 282
894 425
12 799
313 299
436 375
895 269
734 76
202 682
559 115
633 226
622 889
693 53
786 717
183 783
155 425
943 440
587 374
775 886
198 708
54 570
972 771
904 940
31 153
122 4
