22
500
816 847
921 569
436 965
781 52
153 926
817 347
227 491
532 764
353 608
152 338
923 372
772 653
460 358
462 622
666 485
269 236
682 388
253 709
673 825
148 181
189 473
121 916
403 825
572 23
33 235
264 829
107 771
133 748
499 957
963 736
889 206
209 807
482 907
979 380
213 457
945 629
697 10
876 995
642 833
323 759
978 530
532 587
404 81
71 492
611 485
652 114
721 617
101 985
541 407
229 519
788 993
864 442
975 117
388 485
5 124
653 23
399 40
247 657
449 232
524 834
505 145
925 281
464 562
685 997
69 644
370 484
833 780
668 7
325 687
768 478
911 921
30 189
204 385
501 706
127 245
161 898
111 813
59 552
415 687
95 49
967 630
435 543
328 111
619 335
445 563
489 25
485 538
961 244
828 250
35 675
705 811
754 192
443 206
913 59
716 778
325 392
424 450
30 546
166 198
15 927
741 165
989 122
458 812
476 511
653 765
916 455
892 759
106 632
207 310
443 791
195 775
292 285
322 731
710 180
871 205
613 436
279 881
903 902
603 970
521 300
138 352
212 930
971 173
7 366
993 75
438 400
823 211
88 949
730 652
879 494
494 343
217 672
81 811
459 688
539 921
108 565
783 118
735 993
731 448
731 301
747 711
709 249
997 314
413 53
141 851
6 206
976 856
958 360
61 967
573 556
15 157
491 431
328 251
778 864
600 541
979 659
123 144
212 6
256 896
783 839
973 99
629 448
328 534
177 880
529 362
154 759
155 313
448 334
369 915
88 737
333 320
490 2
227 537
272 643
237 608
41 144
464 936
411 222
227 755
454 516
999 142
941 413
290 939
832 950
750 362
669 386
614 588
966 408
833 855
379 333
471 983
408 292
832 839
729 855
780 307
1 936
549 321
482 936
57 196
631 155
539 677
766 551
505 734
553 815
344 612
451 472
251 81
184 455
947 578
85 68
0 204
926 176
262 310
774 462
75 387
657 137
76 86
950 762
151 586
640 460
571 901
660 991
860 977
524 316
379 471
642 187
266 504
784 615
973 641
740 995
484 738
34 764
845 667
465 722
238 539
383 27
216 255
368 518
55 620
690 849
198 113
868 968
975 843
300 699
168 790
728 594
881 549
197 399
234 911
323 456
810 766
906 568
210 597
53 586
968 709
68 673
799 412
319 14
939 323
262 998
706 242
607 255
702 794
343 624
655 686
641 682
942 415
756 103
117 571
510 446
961 1
687 951
769 756
984 713
25 690
938 78
463 655
355 407
542 51
444 401
609 60
686 596
863 353
146 804
284 957
159 654
209 340
246 521
258 69
306 166
677 292
780 645
691 275
722 269
854 732
655 96
162 406
742 161
32 73
520 971
813 519
693 599
162 410
63 777
317 116
122 224
604 327
183 448
217 33
432 366
409 475
646 399
855 886
870 589
430 99
314 71
35 942
3 276
913 214
884 220
749 932
682 283
234 797
704 275
735 357
527 309
84 98
371 643
244 874
888 21
44 890
619 686
530 85
861 362
577 981
730 518
120 208
776 372
522 474
107 290
336 915
253 30
930 677
11 488
462 581
18 468
567 83
352 698
878 903
880 532
326 386
85 339
193 510
399 159
456 219
332 769
952 768
845 286
456 314
409 474
655 27
168 590
586 578
197 377
707 762
927 782
501 554
689 183
772 385
636 254
98 652
998 524
283 398
676 904
842 291
731 821
852 744
452 624
858 74
702 421
733 817
414 349
18 897
809 742
453 662
698 159
961 593
422 430
517 211
901 65
659 60
99 629
706 832
900 86
443 936
95 843
840 257
41 813
40 42
818 612
704 639
861 542
404 277
224 645
354 906
996 972
751 26
622 30
419 272
684 330
88 263
659 447
96 148
821 672
764 531
656 477
801 762
209 342
828 269
928 812
526 375
133 149
43 209
400 739
277 51
54 299
237 52
719 621
825 496
205 348
873 597
303 348
924 945
699 691
712 444
194 126
750 254
460 777
563 245
509 210
690 156
936 706
711 395
647 25
655 551
789 597
532 911
970 575
925 34
606 346
745 152
57 688
636 923
686 171
154 729
320 293
680 425
333 13
474 880
71 703
159 799
417 54
864 563
359 16
256 96
478 6
94 258
450 191
797 106
918 840
644 786
446 578
409 437
745 655
185 326
403 330
947 27
974 955
378 437
744 820
865 15
583 148
177 729
65 173
741 344
753 867
351 387
75 219
491 565
881 701
321 666
734 296
104 423
167 225
710 819
130 775
900 220
102 319
454 735
810 39
