22
500
695 717
382 98
600 731
121 112
445 449
924 675
680 251
113 270
48 455
248 922
454 471
620 963
796 600
674 489
810 601
639 966
406 615
685 399
207 133
2 532
87 73
110 849
218 290
310 607
407 517
98 453
170 503
895 991
643 877
289 305
7 503
809 421
512 347
695 688
556 773
853 610
743 916
103 436
294 888
274 492
601 624
536 636
612 96
229 945
843 159
282 863
31 646
387 266
33 652
63 175
321 719
452 441
523 366
732 807
175 945
968 474
572 146
207 93
609 116
867 365
680 417
480 536
438 363
898 522
731 928
602 578
587 112
588 939
534 794
952 70
898 994
955 509
51 744
826 882
293 330
363 406
278 961
583 782
730 760
520 120
403 177
907 291
365 611
809 12
700 158
400 309
947 798
337 848
122 717
46 825
555 59
98 305
969 737
300 367
837 324
849 881
230 148
22 112
932 620
271 297
314 756
671 880
830 1
244 911
277 15
958 909
120 133
964 673
845 470
346 429
972 600
43 424
815 37
320 748
324 647
490 174
274 737
153 11
406 200
225 527
201 808
446 993
279 115
997 155
263 44
94 830
882 282
73 26
642 80
700 690
408 441
598 350
378 984
531 698
775 358
173 732
936 77
883 267
821 985
592 635
65 126
27 940
820 541
847 762
291 192
486 64
189 445
39 22
220 935
360 553
311 999
970 9
728 466
192 574
566 460
667 268
225 450
846 525
342 53
608 765
294 426
643 481
911 847
232 657
742 312
261 116
727 39
573 147
876 922
922 734
798 942
49 10
794 218
433 364
747 630
554 135
992 306
799 689
633 595
567 651
980 720
605 248
950 803
978 997
984 707
964 142
488 230
165 970
976 115
771 444
0 133
911 483
435 980
124 467
960 950
174 18
624 691
861 39
422 566
972 36
224 791
522 252
881 197
965 719
808 17
301 235
8 805
404 893
533 716
488 965
296 651
515 775
975 181
264 678
452 748
609 475
920 91
25 683
220 185
427 854
252 727
822 948
17 75
13 530
945 45
999 930
732 382
856 841
998 393
330 793
468 874
924 751
869 554
44 31
430 13
660 683
778 178
487 827
653 129
935 646
571 660
228 902
337 444
266 26
991 532
272 381
545 882
728 931
441 450
696 84
291 749
292 865
69 414
214 59
976 773
484 180
791 13
179 725
723 128
37 662
848 178
493 452
848 562
835 964
74 845
808 606
567 813
447 661
33 111
606 786
535 483
32 480
297 260
881 75
197 542
85 746
220 223
933 211
749 222
167 253
187 120
569 361
333 666
961 354
2 513
700 83
774 317
113 656
918 260
73 476
956 434
318 873
143 150
901 63
395 648
657 907
840 911
590 465
850 647
126 468
412 439
459 506
857 865
738 525
201 274
576 516
620 97
500 472
54 877
752 90
367 550
805 834
525 958
99 34
393 401
546 457
139 951
272 611
435 802
351 557
173 10
641 199
584 174
563 531
371 806
947 961
596 228
304 341
287 920
197 640
223 42
57 754
500 898
902 106
185 76
827 404
976 720
40 497
589 477
118 141
660 222
473 65
392 892
508 640
976 450
351 231
864 616
350 326
130 783
257 667
879 412
515 717
966 0
602 206
398 115
587 610
932 64
183 420
652 404
565 968
246 936
845 451
223 294
127 94
657 385
686 162
336 789
788 29
577 637
202 890
233 995
244 559
7 42
88 416
79 7
969 793
972 446
116 832
673 513
598 217
957 107
200 595
265 243
760 448
478 108
725 610
776 569
759 880
609 198
848 376
867 185
539 638
766 103
503 571
858 556
408 129
370 858
99 514
813 290
580 120
538 881
886 720
231 897
350 328
150 505
292 543
269 575
590 108
104 201
131 46
685 75
425 898
868 474
836 323
825 967
996 868
800 960
505 345
307 488
214 684
675 687
831 363
64 532
832 174
175 798
147 702
231 946
838 537
168 735
447 930
809 549
732 582
852 884
995 161
192 681
387 487
194 475
726 358
250 164
795 904
765 171
612 839
420 230
657 377
568 276
38 428
496 240
144 90
554 26
520 557
514 936
577 694
889 506
372 70
212 723
757 456
520 931
225 62
543 762
158 111
146 502
864 979
580 429
980 493
230 398
90 159
588 18
676 316
51 16
957 238
549 702
24 671
811 996
110 229
925 330
507 727
377 281
22 868
222 375
531 611
908 644
447 796
3 954
296 166
188 977
734 42
367 992
417 780
50 632
792 881
650 762
371 388
705 289
750 571
917 466
835 607
393 544
635 953
250 20
632 103
