22
500
757 651
404 933
437 624
278 789
496 632
696 3
12 60
439 926
607 769
698 170
77 185
76 688
70 562
762 961
702 269
423 656
159 716
898 329
577 841
377 962
681 856
359 356
135 88
713 357
841 683
510 982
781 767
76 116
220 120
319 246
114 516
869 769
298 123
109 931
551 937
942 338
397 834
604 440
141 401
173 422
7 204
505 890
642 447
632 350
863 603
533 390
300 331
96 798
908 107
794 966
67 926
905 435
503 370
68 2
619 426
280 692
733 728
856 81
207 924
443 250
403 334
119 455
279 932
204 970
64 984
804 198
906 10
710 615
245 309
345 447
540 240
198 498
615 739
510 439
681 860
346 444
716 629
762 661
719 716
685 376
601 431
679 840
712 985
417 339
306 278
105 50
189 127
658 526
690 602
455 873
51 705
449 160
277 981
976 491
217 286
990 29
269 826
927 575
672 601
973 932
466 777
48 936
545 362
98 722
608 215
48 19
594 207
348 25
692 920
439 805
1 920
45 205
679 967
913 519
782 964
719 972
401 210
408 196
877 694
184 539
230 824
43 199
57 780
838 813
924 612
827 488
290 395
596 677
883 673
136 517
167 726
523 448
323 317
647 458
564 343
321 957
289 224
695 819
517 834
597 854
745 995
878 751
968 206
568 175
452 44
952 500
983 36
220 179
876 198
696 967
75 864
80 964
635 67
549 491
137 93
283 346
647 83
270 790
617 835
492 264
832 148
910 537
25 842
208 283
760 794
448 110
861 478
315 636
969 437
19 522
970 58
981 787
338 327
358 522
854 879
758 923
306 597
652 167
50 908
633 515
131 843
377 740
663 740
772 377
984 650
596 732
884 205
934 790
574 196
82 894
45 605
528 542
422 427
960 443
781 421
332 527
561 303
426 364
957 904
0 534
986 87
244 758
770 690
972 839
631 484
95 111
666 634
719 436
32 347
894 424
871 778
533 58
718 169
828 130
218 916
683 105
461 654
31 315
880 140
297 362
593 173
992 192
680 2
222 16
364 48
16 490
323 550
79 226
126 717
260 147
642 52
265 997
291 765
586 727
851 80
954 51
689 905
177 502
580 824
555 488
670 534
652 182
150 279
592 857
293 672
767 186
778 485
837 141
922 407
608 583
687 665
842 958
905 14
719 388
82 865
624 190
130 217
646 967
787 798
442 516
751 900
872 668
390 891
484 998
588 80
685 839
7 108
55 22
782 815
301 718
892 113
274 472
148 269
208 353
871 154
314 927
929 407
308 844
529 698
426 781
375 69
630 106
32 725
467 81
244 801
463 65
321 627
429 912
808 150
272 409
941 581
172 142
581 483
981 798
952 613
435 604
861 984
766 852
589 712
651 9
719 46
529 80
827 325
477 667
410 97
337 627
266 76
683 405
352 694
913 351
686 441
235 712
372 591
569 153
914 80
691 700
20 627
528 927
598 328
957 277
815 968
823 306
666 498
180 704
358 963
60 834
0 289
229 389
279 252
595 990
717 154
671 524
437 253
206 315
719 739
731 482
641 873
695 578
272 500
131 779
324 551
864 252
705 714
326 775
961 69
129 335
679 209
418 406
191 327
986 304
178 543
153 558
741 95
220 247
696 638
612 409
908 540
123 0
86 144
514 833
304 229
822 318
399 154
217 367
391 269
893 48
650 187
379 660
639 798
186 622
615 660
67 568
700 160
800 931
642 295
757 873
663 993
983 10
239 945
776 153
343 987
717 98
179 225
735 634
484 35
901 107
633 681
883 91
414 445
156 440
218 978
530 218
666 299
462 916
27 857
163 48
381 309
157 383
690 342
799 290
94 472
114 305
689 538
905 325
336 73
9 67
889 86
30 615
485 64
121 746
672 792
702 122
91 736
361 117
987 806
616 986
914 595
140 660
564 970
761 187
316 607
725 545
644 318
429 430
644 341
947 488
969 431
836 594
359 630
870 568
529 284
974 188
781 102
839 368
573 334
775 249
440 971
387 117
63 199
283 697
130 517
769 208
979 29
194 404
515 493
775 314
569 805
989 766
945 839
40 234
249 554
638 588
822 746
288 11
549 669
564 205
269 732
901 65
186 452
788 491
485 968
992 810
838 261
984 786
140 33
698 278
379 785
484 254
76 630
959 184
506 835
619 718
488 926
389 436
97 912
542 629
559 283
157 881
709 871
213 149
912 193
969 215
216 784
547 675
980 29
220 103
715 782
277 648
735 975
660 623
700 439
419 668
463 74
987 597
609 840
110 339
875 481
425 761
451 283
992 105
